19 0 1 61@0 
18 2@-1 0 2@1 58@0 
23 2@1 0 -1 -2 58@0 
-3 12 1 2@0 7 58@0 
-5 4@0 -1 58@0 
-4 -3 3@0 2 58@0 
4 -2 62@0 
7 63@0 
7 -1 62@0 
8 63@0 
8 63@0 
7 1 62@0 
7 63@0 
8 3@0 -1 59@0 
6 63@0 
6 63@0 
2 4 -1 2@0 -1 58@0 
3 -10 3 0 -2 3 0 -2 1 55@0 
18 0 -1 0 2 -1 0 1 56@0 
18 0 -2 2@0 -1 58@0 
17 3@0 -1 59@0 
20 -6 5 0 -5 5 -2 2 4@0 -1 4@0 1 46@0 
34 15 -8 0 12 -13 2 2@-2 1 2@0 1 3@0 1 -1 46@0 
-1 -2 0 1 -1 0 1 -2 2 -1 0 -1 1 -1 2@0 -1 1 -1 45@0 
2 63@0 
3 3@0 1 59@0 
0 8 5 -4 -7 -4 1 3 4 1 0 2@-1 4@0 2@-1 5@0 1 39@0 
-7 -34 -1 3@0 8 8@0 -2 12@0 1 35@0 
20 0 -1 0 -1 59@0 
21 -1 2@0 3@1 57@0 
12 -8 3@0 2@6 7@0 2@-1 12@0 1 35@0 
-9 3 3@0 1 -2 57@0 
-6 63@0 
0 2 4@0 -2 57@0 
5 1 4@0 -1 57@0 
6 0 1 61@0 
7 63@0 
7 63@0 
6 -1 1 3@0 1 57@0 
5 0 1 61@0 
6 2@1 3@0 -1 57@0 
7 4@0 1 58@0 
5 63@0 
5 4@0 1 58@0 
0 -3 -1 3@0 2 57@0 
2@7 1 0 2@1 -5 8@0 1 12@0 -1 35@0 
19 0 1 61@0 
19 -1 62@0 
17 0 -1 61@0 
18 1 4 1 3 -5 -2 -3 1 4@0 -3 0 1 48@0 
37 -4 -7 -3 -8 11 4 2 -2 2@0 -1 0 6 2@-1 1 0 -1 6@0 1 -1 15@0 1 21@0 
0 1 -2 2@1 -3 0 4 -1 3@0 2@-2 1 2@-1 1 8@0 1 15@0 -1 21@0 
3 1 -1 2@0 2@-1 57@0 
-13 -10 16 0 1 0 8 2@7 1 2@0 -1 2@0 -1 0 2@-2 9@0 1 2@0 -1 32@0 
-33 -1 1 3@0 1 57@0 
21 -2 -1 2@0 1 6@0 -1 51@0 
18 0 4 0 1 2 0 2@-1 55@0 
20 1 -1 3@0 1 57@0 
-5 13 3@0 8 -1 57@0 
-6 -1 3@0 -1 58@0 
-4 -3 -1 2@0 1 58@0 
3 2@-1 61@0 
5 0 -1 61@0 
6 4@0 -1 58@0 
7 63@0 
8 -1 -2 2@1 -1 5@0 -1 52@0 
11 -3 -8 0 3 4@0 1 0 2@-1 51@0 
15 1 -14 -1 5@0 4 1 -1 1 7@0 -1 0 1 41@0 
11 3 -11 6 -3 -1 0 1 -2 2@-1 3 -1 6@0 -2 44@0 
5 -1 1 2@0 1 58@0 
5 63@0 
3 2 3@0 -1 58@0 
2@-1 1 2@0 3 -1 57@0 
13 -3 1 0 3@-1 57@0 
17 0 1 2@0 -1 58@0 
17 0 1 61@0 
15 2@2 61@0 
15 -5 4 1 -4 5 -2 3 -1 3@0 1 -1 50@0 
40 2 -2 -3 13 -11 1 -3 1 2@0 1 -2 3 -1 49@0 
-2 10 2@0 -15 1 3 -1 6 2@0 -1 1 -3 1 0 -1 0 -1 5@0 1 39@0 
-29 8 7 3 10 5 0 2@3 3@0 -1 4@0 2@-1 5@0 -1 39@0 
-33 0 -1 3@1 0 -1 4@0 1 51@0 
-5 -38 0 -1 2@0 10 1 0 -1 2@0 2@-1 0 -2 -1 0 1 5@0 2@1 2@0 1 35@0 
5 -11 9 0 1 -5 6 4 2 1 0 2@-1 0 1 49@0 
19 3 3@0 4 -3 8@0 1 48@0 
12 -8 1 2@0 6 7 7@0 -1 -2 12@0 1 35@0 
-13 4 2@1 2@0 -3 57@0 
-7 0 1 61@0 
-1 2 1 2@0 1 -1 57@0 
3 2@1 3@0 -1 57@0 
6 1 4@0 -1 5@0 1 5@0 -1 45@0 
4 0 5 3@0 -1 2@0 -2 -1 1 11@0 -1 40@0 
4 3 3@1 0 2@-1 4@0 -1 51@0 
9 1 3 1 2@0 -1 57@0 
19 3 1 0 -1 0 -2 4@0 1 52@0 
28 1 -1 3@0 -1 57@0 
32 0 -2 2@-1 2 0 2 -1 -2 2@-1 2 1 3@0 2@1 5@0 1 39@0 
15 -6 -15 3 2 1 5 -4 6 0 1 -2 2 -2 0 -1 0 -3 3 -1 3@0 -1 1 3@0 1 35@0 
0 1 5 2@-1 0 -1 2@0 1 3@0 1 50@0 
-3 -1 1 3@0 1 57@0 
5 8 2@0 -1 1 -5 8@0 1 12@0 -1 35@0 
14 -1 2@0 1 0 1 6@0 -1 50@0 
14 1 2 0 -1 1 6@0 -1 1 50@0 
13 63@0 
12 0 -1 61@0 
14 2@1 2 0 -3 -1 -2 1 3@0 2@-1 3@1 -1 46@0 
19 -17 27 -5 10 18 12 5 2@0 -1 -4 -8 -3 2@-2 2@-1 2 1 2@0 -1 0 1 0 -1 0 2 2@0 2@1 31@0 
-34 2 -1 3@0 2@-1 56@0 
-31 2 -2 0 2@-2 -1 1 4@0 2@1 50@0 
-7 11 -15 -1 0 -4 -8 -9 -7 -2 0 3@-1 0 2 0 1 2 9@0 -1 35@0 
0 17 8 0 3 2 0 -4 -2 1 2@0 -1 4@0 1 46@0 
3 -20 2@0 2@-1 1 7@0 1 49@0 
22 2 3@0 -1 58@0 
-7 15 3@0 9 -1 57@0 
-9 -2 3@0 -1 58@0 
-6 -2 3@0 1 58@0 
1 -2 62@0 
3 0 1 3@-1 0 2@1 3@0 -1 51@0 
0 2@2 1 4 2 0 2@1 55@0 
1 -1 1 0 -1 3@0 -1 3@0 1 51@0 
6 -3 -1 1 60@0 
10 -3 -1 1 -1 1 58@0 
23 -7 1 -1 0 -2 58@0 
30 -3 0 1 3 1 0 -1 -3 -1 0 1 -1 5@0 2@1 3@0 -1 40@0 
37 -1 -4 -1 4@0 2 1 0 2@1 9@0 2@-1 40@0 
40 0 -3 -5 4 -2 1 -3 3 -4 -2 2 -3 1 4@0 -1 1 -1 43@0 
0 16 -10 3 -16 9 1 -5 2 0 2@1 -4 2 2@0 1 -3 2 5@0 1 -1 38@0 
-6 -4 2 0 1 4 -1 57@0 
16 -3 3@0 -3 -1 57@0 
2 18 4 1 -6 -4 0 4 -2 4@0 -1 50@0 
6 -12 7 -1 7 -6 -1 1 -1 1 2@0 1 0 -1 49@0 
13 1 62@0 
14 2@-1 0 2@1 58@0 
-12 27 14 1 3 2 0 -9 -5 1 2@0 -3 -2 3@0 3 1 -1 4@0 2@1 5@0 -1 32@0 
-33 3@-1 -2 -1 0 1 56@0 
-29 -7 -5 2 2@6 -1 -4 -2 -1 0 1 2 1 50@0 
6 -11 -8 -1 -7 -3 -1 -4 -2 2@0 2@1 0 -1 2@0 1 2 45@0 
3 20 4@-1 -6 2@-1 3@0 -1 2@0 1 12@0 -1 35@0 
-11 4@0 -4 -1 7@0 2@1 48@0 
18 4 3@0 3 -3 8@0 1 48@0 
11 -9 3@0 5 7 8@0 -1 12@0 1 35@0 
-13 4 1 2@0 1 -3 57@0 
-7 63@0 
-2 2 3@0 1 -2 57@0 
3 4 2@0 -2 4 1 -4 1 3@0 1 -2 2@0 -1 1 7@0 1 38@0 
-2 2@1 3@0 -1 4@0 1 52@0 
0 1 -1 0 -1 4@0 -1 3@0 1 50@0 
7 1 -2 -1 2@1 3@-1 4@0 -1 50@0 
9 -1 2 0 2@1 3@0 1 3@0 -1 50@0 
14 6 -2 3 -3 -1 -4 -1 2 -1 2@0 2@1 0 1 0 -1 -2 -1 2@0 1 41@0 
31 3 -3 -2 4 1 -2 -1 2 3@0 -1 -2 4@0 -2 4@0 -1 1 39@0 
36 1 2 1 -1 3@0 1 2@0 1 0 1 50@0 
38 1 2@0 1 0 -1 2@0 1 54@0 
41 1 2 0 1 2@-1 2@0 1 3@0 -1 50@0 
15 -16 -22 -3 -2 6 13 -11 10 -3 0 3 -3 -1 0 -3 1 -4 3 3@0 -1 1 0 -1 2@0 2 2@0 1 -1 31@0 
2 12 2 0 -1 3 -8 -1 5@0 1 0 1 12@0 -1 35@0 
16 -1 3@0 2 1 57@0 
-23 -9 2 1 2 -14 7 -3 1 3@0 -1 -2 0 -1 0 -1 10@0 1 35@0 
3 9 10 -2 -5 6 -7 2@0 1 2@0 -1 3 0 1 2@0 1 9@0 -1 35@0 
14 1 3@0 -1 58@0 
-21 -14 12 1 -11 -9 9 2 0 1 0 1 5 4 0 -2 -1 -2 10@0 1 0 2@1 32@0 
-32 3@0 2@1 0 1 56@0 
-24 8 -10 1 -9 -8 -7 2@3 3@0 3 4 0 2@1 0 -1 9@0 -1 0 -1 33@0 
13 2 -4 -2 -1 1 -2 1 2@-1 0 1 2 -1 0 1 2@-1 1 45@0 
18 63@0 
-12 2@-1 2@1 59@0 
2 -18 -1 0 -1 2@1 7@0 1 49@0 
21 1 -1 2@0 -1 58@0 
-8 16 2@1 0 9 -1 57@0 
-9 -2 0 1 0 -1 58@0 
-6 -2 0 1 60@0 
7 -16 -4 0 4 12 -3 0 1 2@0 1 -1 -3 -1 1 3 1 8@0 -1 14@0 1 22@0 
-3 4 2 0 2 6 3 2@1 5@0 2 1 3@0 1 44@0 
0 -3 -1 0 1 3@0 -1 3@0 -1 51@0 
5 -1 2 5@0 -2 -1 8@0 1 45@0 
6 2@-1 3 5 2 0 2@-4 3@0 1 4@0 2@1 5@0 -1 39@0 
20 -7 -5 -3 -7 3@0 -2 -1 0 2 3 4@0 3@1 44@0 
28 -1 3@1 3@0 1 14@0 1 40@0 
32 -2 2 -1 -2 -1 0 -1 4@0 -1 51@0 
35 -2 3@1 -1 5@0 2@-1 51@0 
37 0 1 2@0 -1 58@0 
39 -1 2 9@0 1 51@0 
25 28 -10 1 11 -10 -3 5 -3 -1 0 1 5 -7 1 0 2 0 -1 5@0 1 -1 4@0 1 33@0 
14 -6 2@0 1 -4 -1 1 56@0 
-1 25 3 -1 -2 -8 1 5@0 1 51@0 
-7 -23 -31 3 6 1 -3 7 14 -2 2 2@-3 1 2@0 1 -3 -6 -1 2@0 -1 2 3 7@0 1 5@0 2@-1 24@0 
40 2@-4 -3 -4 -3 -1 -3 1 2@-2 -1 -2 2@-1 2@0 -1 -3 -2 -1 2@0 2@-1 39@0 
-2 50 -8 -2 -5 15 -8 6 -3 2@0 2@-1 5 -4 1 0 1 -1 6@0 1 -1 1 14@0 1 21@0 
-32 0 1 0 -1 59@0 
-18 -19 -12 0 2@8 -2 4 3 -1 2@0 2@-3 2@0 1 7@0 1 39@0 
16 -3 -1 4@0 1 9@0 -1 46@0 
17 1 62@0 
4 15 4@0 -4 8@0 1 12@0 -1 35@0 
-7 0 -1 0 -1 -2 -1 7@0 1 49@0 
19 4 -1 2@0 3 -3 8@0 1 12@0 -1 35@0 
14 -9 -1 2@0 2@7 7@0 2@-1 12@0 1 35@0 
-13 4 4@0 -3 57@0 
-7 0 1 61@0 
-4 0 3@1 2 0 1 4@0 -1 3@0 -1 47@0 
13 -17 -3 1 -2 -1 11 3 -1 3@0 1 -1 -2 -1 -2 -1 8@0 1 15@0 -1 21@0 
-4 2 0 1 0 2@-1 2@1 55@0 
2 2@1 2@0 1 0 -1 4@0 -1 5@0 -1 45@0 
8 2 -4 2@0 -1 -2 -3 -4 2@0 -2 2@-1 0 1 0 2@1 45@0 
16 2@2 1 -2 -1 -2 -1 0 1 2@0 2@1 50@0 
24 1 2 2@0 1 -1 0 2 -1 2@0 1 4@0 -1 46@0 
25 0 2 0 -1 4@0 2@1 0 1 4@0 3@-1 44@0 
27 1 2 0 1 0 -1 2@1 -1 54@0 
31 0 4 0 1 2@0 1 0 -1 0 2@-1 4@0 1 0 1 44@0 
31 2 2@1 0 -3 -1 -2 -1 2@0 2@-1 4@0 1 0 -1 3@0 1 40@0 
34 0 4 -1 3@0 1 56@0 
31 -2 1 -1 -4 4 2 3 -3 4@-1 3 0 -1 0 1 -1 6@0 1 38@0 
23 1 -11 1 -1 0 -1 0 -3 0 4@1 3@0 2@2 1 2@0 2@-1 40@0 
33 3 -7 -4 3 4 -3 3 1 -3 -2 2 3 -3 3@0 -1 3 2 2@0 1 0 -1 39@0 
38 0 1 2@0 2@1 0 -1 3@0 1 51@0 
36 -1 5 -1 3 17 5 -6 5@0 -4 -5 -3 1 9@0 2@1 2 13@0 -1 21@0 
-34 1 3@0 2 -1 57@0 
-14 15 -11 0 -6 -3 -11 -7 -2 2@0 1 2 1 0 2 0 2@1 9@0 -1 35@0 
16 2 -1 0 2@1 2@-1 56@0 
18 63@0 
17 63@0 
-9 0 1 61@0 
4 -16 3@0 2 1 57@0 
25 1 3@0 -1 58@0 
-6 16 3@0 9 -1 57@0 
-8 -1 3@0 -1 58@0 
-7 -1 1 61@0 
15 -22 2@0 1 -15 6 2@0 -1 3@0 2 4 12@0 -1 36@0 
6 10 -4 -1 0 -1 2@1 -1 3@0 1 51@0 
0 -6 -2 2 3 3@0 -1 2@0 -1 5@0 2@1 5@0 -1 39@0 
8 -1 1 -1 -2 -1 0 2@-3 -1 2@0 1 5@0 -1 13@0 1 31@0 
11 -2 1 -1 -2 3@0 1 2@0 3@1 3@0 3@1 44@0 
15 -4 2 1 -2 1 2@0 -1 8@0 1 0 1 4@0 -1 39@0 
20 -1 2 3@-1 3@0 1 8@0 2@1 3@0 1 40@0 
21 1 3 0 2@-1 5@0 -1 52@0 
22 -2 2 1 -1 1 5@0 -1 52@0 
25 -1 4 2@-1 7@0 1 11@0 1 39@0 
24 0 4 0 2 1 0 -1 0 -1 0 2@1 4@0 2@-1 45@0 
27 -3 -4 1 3 2@0 1 2 2@0 1 6@0 -1 4@0 -1 40@0 
34 2@-1 -2 -1 6@0 2 1 10@0 2@-1 39@0 
36 -1 3@1 3@0 1 55@0 
35 4 2 -1 -5 -4 1 3 1 8@0 2@-1 5@0 2@1 38@0 
26 -8 6 3 1 6 -1 -2 0 1 0 1 0 2@1 0 3@1 13@0 -1 31@0 
-24 19 10 0 14 18 7 8 1 3@0 -1 2@2 0 -1 -2 7@0 -2 -1 2@0 2@-1 33@0 
-14 -26 -6 0 4 5 2 7 2 -1 2@0 -1 -3 2@0 2@-1 7@0 1 38@0 
17 -2 -1 0 2@-1 0 2@1 3@0 2@1 50@0 
17 1 62@0 
16 63@0 
4 15 2@0 1 0 -4 8@0 1 12@0 -1 35@0 
-5 3 -1 2@0 2@-2 8@0 1 48@0 
21 5 3@0 3 -3 8@0 1 48@0 
15 -9 3@0 8 7 7@0 -1 -2 12@0 1 35@0 
-14 4 4@0 -3 57@0 
-8 0 -1 61@0 
-3 0 2 -1 1 -13 -3 -2 4@0 1 -1 4 3 11@0 -1 -2 35@0 
28 -8 -2 0 1 2 6 -2 4@0 1 -1 0 -1 12@0 1 35@0 
5 -6 2 -2 -1 -5 3 -2 1 -1 4@0 -1 2@0 2@-1 45@0 
5 2 2@0 -3 0 3@-1 2@0 1 2 1 50@0 
7 0 2 1 -1 6@0 1 2 1 50@0 
9 -1 3 -1 2 1 0 -1 -2 -1 2@0 2@-1 4@0 1 45@0 
1 -4 7 4 2@0 2 0 1 3 2 0 -1 2@0 -1 0 2@-1 0 1 -1 3@1 13@0 -1 25@0 
-2 7 10 -4 -3 6 -2 -1 -5 2 2@0 -4 3 1 -1 0 2 -1 2 1 11@0 -1 31@0 
-2 0 22 3@1 0 2@-1 -3 2@0 1 -1 5@0 -1 2@0 1 -1 14@0 -1 25@0 
-9 -2 27 5 -1 -4 1 6 2 -5 1 0 -4 2 1 0 -1 -2 5@0 -1 0 1 4@0 1 12@0 -1 20@0 
19 6 -4 4 -3 4 -5 -2 -1 -2 -1 -2 -4 2 -1 2 0 2 1 3@0 1 2 0 1 2@0 -1 0 -1 7@0 1 4@0 1 20@0 
33 1 2@-1 1 0 -1 0 1 3@0 2@-1 4@0 -1 45@0 
33 1 2@-1 0 2@-1 57@0 
37 1 0 -1 0 1 0 -1 0 1 2@0 1 -1 4@0 -1 45@0 
22 -4 24 -9 4 1 4 2 3 1 0 -4 -3 -2 0 -1 0 -2 0 1 3@0 1 2 3@0 1 4@0 -1 30@0 
2@6 -1 6 -9 -4 -3 -4 -2 2 0 3 8 5 2@0 1 2 -1 0 1 0 2@1 -2 -1 4@0 -1 2@0 -1 8@0 2@1 20@0 
-19 -16 13 -2 -14 -15 12 2@-2 3@0 7 6 2@-2 -4 -3 6@0 2@-1 1 0 1 0 2 1 21@0 1 10@0 
-17 15 -6 -1 -7 -9 -10 -4 -2 -1 2@0 2 0 -1 2 0 1 7@0 2@1 0 -1 35@0 
18 2 -2 0 2@2 -2 -1 56@0 
19 63@0 
17 63@0 
15 63@0 
-6 1 -1 61@0 
7 -14 1 0 2@1 58@0 
25 4@0 -1 58@0 
-5 19 3@0 9 -1 57@0 
-9 -2 3@0 -1 58@0 
-7 3@0 1 59@0 
10 -28 5 0 -4 11 4 -6 2@1 0 2@-1 5 -1 2@0 -2 7@0 2 -1 14@0 -1 22@0 
19 14 -3 -1 -3 3 4 5 2@0 1 2@0 2@-1 2@0 1 -1 45@0 
3 -2 -1 0 -3 -1 3@1 2@0 1 3 1 4@0 -1 45@0 
4 -1 2@1 0 1 5@0 1 2 5@0 1 45@0 
-1 6 9 -4 -5 -1 2 -4 2 1 2@0 1 0 -1 2@0 -1 1 -1 4@0 1 39@0 
-17 7 11 2@4 3 2@-1 -2 -1 0 -1 0 1 2@0 -1 -2 -3 -1 1 11@0 1 31@0 
-26 -6 3 -2 0 4 2 5 4 2@0 2 2@-2 4@0 2@-1 4@0 2@1 38@0 
-19 -2 4 2@2 0 1 3 0 2 2@1 3 2 1 2@-1 -2 -3 -1 10@0 2@-1 7@0 1 24@0 
-14 -15 -16 1 12 1 -1 1 5 2@0 1 -2 0 4 2@1 -1 -2 -3 2@0 -1 0 2 0 -1 2@0 -1 8@0 2@-1 6@0 1 17@0 
24 -6 -8 -2 -8 -2 -1 0 3@-1 0 2 2@-1 0 -1 2@0 -1 2@0 2@-1 -2 -1 5@0 3@-1 30@0 
28 0 3 0 -1 2@0 -1 56@0 
31 0 1 -1 -2 -1 0 1 2 1 2@0 2@-1 50@0 
8 7 25 3 5 3 1 -4 -10 -2 0 -4 -2 0 1 0 -1 0 3 2 3@0 2@1 7@0 2@-1 4@0 -1 25@0 
7 -6 -9 -4 10 2@0 4 5 1 2@2 3 3@0 -1 2 2@0 1 3@0 1 39@0 
9 14 12 -8 -23 -5 1 -2 -4 -1 -2 1 9 1 -1 2@0 -3 -4 -1 4@0 -1 6@0 2@1 31@0 
-30 2@4 3 6 5 3 2@6 2 1 2 4 3 1 0 1 2@2 1 4@0 1 39@0 
-22 -18 -6 0 5 8 0 2@1 -1 2@0 -2 -3 2@0 2@1 46@0 
13 -10 -1 0 2@-2 3@1 3@0 1 2 50@0 
20 63@0 
19 1 62@0 
17 1 62@0 
5 13 4@0 -3 8@0 1 48@0 
-7 -1 1 2@0 -2 8@0 1 49@0 
19 5 3@0 4 -4 8@0 1 12@0 -1 35@0 
17 -8 3@0 2@7 7@0 -1 -2 12@0 1 35@0 
-15 4 4@0 -3 57@0 
-8 0 -1 61@0 
-4 2 -1 2@0 1 -1 57@0 
17 29 0 1 -1 0 -9 5 -3 1 2@0 2 2@0 1 2 -1 1 -1 8@0 -1 35@0 
5 -3 5 2@-2 -6 4 -1 2 1 0 3@1 2 -2 0 -2 -1 9@0 1 35@0 
3 4@0 1 0 2@-1 1 0 2@1 4@0 1 2 5@0 -1 39@0 
-15 -6 13 0 -3 2 5 2 4 1 2@2 2@0 1 2@-1 2@0 -1 8@0 1 2@0 -1 32@0 
-26 -1 2 0 -4 5 0 2@1 0 -1 1 -1 3 1 2@0 1 0 1 44@0 
-25 0 -3 0 -8 7 6@0 -2 2@-1 2@0 -1 1 -1 4@0 1 -1 1 0 -1 2@0 1 10@0 1 21@0 
-29 3 -1 4 -3 -6 -3 4 3 -2 -1 2@-2 3 1 0 1 -2 2@0 -1 3@0 1 39@0 
1 10 -13 2 1 -2 -7 1 -4 0 -1 1 3 2@0 1 2 0 1 2@-1 2@0 -1 3@0 2@-1 2@0 1 32@0 
26 -3 3 1 4@2 -1 4@0 -1 4@0 1 45@0 
24 -1 0 1 0 -1 0 2 1 2@0 2@-1 51@0 
32 2 -4 2@0 2 -1 4@0 2@-1 4@0 1 46@0 
21 -15 -8 -1 -5 2@11 3@-1 2@0 -1 1 0 -2 1 0 -1 9@0 1 35@0 
-12 9 8 1 -1 -8 -6 4 4@0 -1 2 2@1 -1 2 1 2@-1 4@0 1 2@0 -1 2@0 1 32@0 
-14 -20 9 5 -6 -8 14 7 0 3 1 0 4 0 -1 -2 2@0 3 1 2@0 2@1 0 1 2@0 1 35@0 
-31 1 -1 2@0 1 -1 57@0 
-26 6 -6 0 -5 -10 -7 3 1 3@0 1 3 0 2 1 11@0 -1 35@0 
14 6 -2 -1 1 2 2@-2 -1 4@0 1 2@0 -1 47@0 
16 0 -3 1 4@0 2@1 7@0 -1 46@0 
15 -1 2@2 1 8@0 -1 50@0 
14 0 4 -1 60@0 
15 0 1 0 -1 1 7@0 1 50@0 
-7 1 62@0 
2 -17 3@0 4 1 57@0 
26 -1 3@0 -1 58@0 
-4 19 3@0 9 -2 57@0 
-8 -3 3@0 -1 58@0 
-5 -3 3@0 2 -1 0 1 2@0 1 52@0 
2@1 2@0 1 0 1 0 1 4@0 1 6@0 -1 43@0 
8 6 5 0 6 2@-7 -3 1 0 1 0 3 -5 -1 1 -3 3@1 -1 2@0 -1 0 -1 4@0 -1 33@0 
-3 10 5 -3 -7 -6 0 3@-1 1 2 1 2 1 0 3@-1 45@0 
-28 2 4 2 2@1 -4 4 4@0 -2 2@1 0 1 0 -1 7@0 -1 1 36@0 
-31 3 -2 0 -3 3@0 1 4@0 2@1 0 1 2@0 1 3@0 2@1 -1 38@0 
-27 -5 1 0 -2 2 0 -1 2 -1 0 2 -1 1 -1 0 -1 2@0 1 3@0 -1 40@0 
-18 -13 -11 -3 15 5 -5 4 2 -2 1 0 3@-2 0 -2 1 -3 2@1 3@0 2 1 -1 12@0 -1 0 -1 22@0 
21 -7 -5 -2 -1 -4 1 -2 -1 3@0 1 4@0 2@1 5@0 1 39@0 
21 -3 1 0 -3 -8 2@-2 1 -1 2@0 2 1 4@0 -1 5@0 -1 39@0 
22 2@-2 1 2 1 0 2@1 9@0 -1 45@0 
33 -5 0 -1 0 -1 58@0 
40 -3 0 -1 60@0 
7 41 -7 0 1 -3 0 3 -1 5@0 -1 49@0 
-14 -15 3 0 5 -22 11 -4 1 2@0 1 0 3@-1 2 26@0 -1 20@0 
-31 -2 -1 61@0 
-30 -5 -3 0 2@4 2@-3 -1 3@0 1 2 1 0 -1 47@0 
11 -9 -3 -1 -2 7@0 -1 -2 -1 0 2@-1 46@0 
17 2@1 61@0 
17 0 1 2@0 -1 58@0 
15 1 2@-1 1 3@0 1 55@0 
12 3 -2 -1 0 1 2@0 -1 1 54@0 
0 10 1 2@0 1 -2 0 1 6@0 1 48@0 
-9 -2 1 -1 2@0 1 7@0 1 49@0 
19 6 3@0 4 -5 8@0 1 12@0 -1 35@0 
18 -8 3@0 7 6 7@0 -1 -2 12@0 1 35@0 
-13 4 3@0 -1 -3 57@0 
-6 63@0 
1 4 -2 2 -2 0 -3 0 2 -1 0 -1 2@1 0 1 2@0 -1 45@0 
2 -15 -7 6 -3 9 6 2 7 5 -2 5 0 2@1 -1 0 2@-1 0 2 0 2 2@-1 3@0 1 -1 13@0 -1 20@0 
-11 -6 12 0 -4 2@2 5 7 1 2@0 -2 2 -1 1 -1 2@-3 2 0 1 0 -1 2@1 7@0 2@-1 29@0 
-24 2@-1 -2 2 -3 -1 -2 -5 2@0 -1 2 -2 -1 1 -4 -1 0 1 7@0 2@1 0 2@1 32@0 
-31 0 -1 0 2 1 -3 4 -1 1 0 1 0 1 0 1 0 1 5@0 1 -1 1 -1 37@0 
-31 4 2 0 2 -2 -1 1 -3 -1 1 0 2@-1 1 0 2@1 0 1 4@0 -1 2@1 15@0 -1 21@0 
-8 18 -14 1 -2 0 -11 -7 -4 -1 1 -2 0 2 -1 2 0 1 6@0 -3 -2 -1 0 -1 10@0 1 12@0 2@1 10@0 
24 -5 -2 -3 2 4 3 -1 2@1 -1 1 3 -2 -1 0 1 2 2@-1 3@0 1 -2 -1 1 3@0 2@-1 10@0 -1 21@0 
4 -7 22 -8 -4 1 5 2 -1 3 2@2 3 2 0 -1 0 1 2@2 3@0 -1 4@0 1 35@0 
-4 1 13 2@0 -6 -1 2 7 8 1 -1 5@0 -4 3 -3 -1 3@0 1 5@0 1 0 1 10@0 -1 20@0 
18 4 9 2 -3 3 -4 0 2@-2 -1 1 -3 2 0 1 0 1 6@0 -1 3@0 -1 35@0 
32 -1 2 0 1 3 0 -2 4@0 1 2@-1 49@0 
9 -7 31 -1 1 -1 6 2@4 2 -3 2@1 -1 0 2@-1 2@-2 3@0 2@-1 4@0 1 35@0 
-26 -9 1 -1 0 -7 5 -4 1 3 1 -1 0 2@1 -1 0 4@-1 3@0 1 3@0 1 35@0 
-14 -22 -1 2@0 5 7 -4 2 4@0 1 -5 2 -1 1 46@0 
-33 1 0 1 2@-1 6@0 -1 51@0 
4 7 -6 0 1 8 -8 3 1 -1 2@0 -1 -3 -1 2 1 8@0 2@1 0 -1 35@0 
15 -1 1 3@0 1 57@0 
15 63@0 
14 -1 2 3@0 1 57@0 
10 -1 2 1 2@0 3@1 55@0 
13 3 -11 5 -2 0 -2 2@-1 2@0 2@1 2 3@0 1 6@0 -1 39@0 
-9 2 -1 0 2@-1 58@0 
-3 -21 1 2@0 6 2 57@0 
27 2@-1 0 1 -2 58@0 
-2 19 -2 0 1 8 -2 57@0 
-6 -1 -3 0 -1 -2 2@1 4@0 3@-1 0 2@1 46@0 
-4 -16 2 5 2 9 -4 7 -5 -3 2@-1 -4 -1 0 1 -1 0 2 4 2@0 -1 0 1 2@0 -1 4@0 2@-1 30@0 
3 18 15 -4 -6 1 -1 -4 -8 2 0 7 8 1 2@0 2 4 -2 -1 0 1 0 2@-1 1 4@0 1 -1 0 1 4@0 1 25@0 
-26 1 0 2 -2 3 -2 2@3 2 -1 1 5 3 1 0 1 -1 0 -2 2@0 1 0 -2 5@0 1 8@0 1 24@0 
-16 -11 -4 2@1 3 1 2 1 2 0 1 3@0 -2 0 -1 6@0 -2 39@0 
-31 -2 2@1 -6 5 -1 0 3 0 1 2@0 -1 1 2@0 1 -1 5@0 1 -1 38@0 
-34 0 3 1 -4 -1 2 0 -2 1 0 2@-1 1 3@0 1 -1 5@0 1 39@0 
-3 -30 -13 2 -3 -1 0 6 2 -2 -1 0 2@2 0 -1 1 13@0 2@-1 12@0 1 9@0 -1 9@0 
23 2@9 -1 -8 -3 1 -5 -4 0 -1 1 6 1 -1 9@0 -2 6@0 1 32@0 
-9 8 -17 2@3 7 -1 4 2@2 1 3 -2 2 0 1 0 2 5@0 1 -1 6@0 1 32@0 
3 -24 -14 -8 -5 2 5 2 9 2 -4 2 -2 3 -1 0 -2 -1 -3 3@0 1 0 1 39@0 
2 -3 -10 -1 -11 3 2 -2 -5 -1 0 -1 -3 2@1 0 1 2@-1 45@0 
26 -18 2@0 1 -2 3 2 3@0 1 0 -2 -1 0 1 0 -1 45@0 
-6 7 -13 5 8 13 0 7 6 4 2@-1 1 2 1 0 2@1 0 3 3@0 2@-1 8@0 -1 30@0 
-19 19 -1 -4 1 11 3 2 -8 0 -1 0 -3 5@0 1 -1 3@0 -1 40@0 
-16 -27 -1 2@0 11 0 -1 4@0 1 3 -3 3 -1 10@0 -1 36@0 
-26 14 -1 0 -2 11 4 -2 1 4@0 -2 2 1 11@0 1 36@0 
-6 -25 -6 1 -1 -9 -1 2 1 4@0 4 2 0 1 47@0 
15 2 62@0 
13 1 62@0 
11 2@2 2@0 -1 58@0 
14 -10 -8 1 7 2 0 2@2 3@0 -3 -1 10@0 1 39@0 
32 -1 -3 -2 -3 -1 0 -1 -2 4@-1 51@0 
10 31 1 0 -3 -1 -7 0 1 4@0 1 0 2 12@0 -1 35@0 
-19 -4 3 3@0 2 2@0 1 4@0 1 49@0 
18 8 1 2@0 6 -7 7@0 -1 2 12@0 -1 35@0 
20 -8 3@0 7 6 7@0 2@-1 12@0 1 35@0 
-9 5 2@0 2@-1 -4 57@0 
1 0 4 -2 5 4 1 -1 -2 3 -2 0 -1 -3 2@-1 3@0 -1 -2 0 2@-1 8@0 -1 5@0 1 25@0 
-22 -4 1 0 -3 -4 4 2 3 2 3 0 1 2 1 -1 1 0 -2 -1 2@0 2@-1 1 5@0 -1 0 1 10@0 1 20@0 
-17 -2 2@0 7 8 0 3@1 0 1 0 -6 4@0 2 -2 2@0 -2 -1 0 1 13@0 -1 24@0 
-27 7 3 -2 0 -1 -5 1 -3 1 0 1 2@-1 3@1 3@0 -1 2@0 1 4@0 -1 0 -1 0 1 31@0 
-16 2@0 -1 -9 2@3 6 4 3 0 -2 -1 4 0 -1 2 -1 0 2@-1 0 2@1 0 -1 6@0 1 -1 4@0 2@1 24@0 
-35 0 1 0 1 -1 0 1 5@0 -1 50@0 
2 19 -15 0 2@3 -13 -1 2 -1 0 2 -1 -2 0 3 2@2 6@0 2 1 2@0 -2 0 2@-1 8@0 2@1 22@0 
3 -4 14 -1 -14 -8 3 4 2 1 0 3 8 5 1 2@-1 -3 -1 1 4@0 2@1 4@0 3@1 7@0 -1 23@0 
14 4 2@-1 0 1 -3 8@0 1 48@0 
21 -1 -7 -2 -1 2@0 -1 0 -1 3@0 1 50@0 
20 -2 -3 -2 2 3 2 2@1 2@-1 2@0 -1 3@0 -1 46@0 
10 2@-1 0 1 -3 7@0 -1 50@0 
31 -11 3@-1 8 4 3@-1 3@0 1 -1 0 -1 47@0 
6 -5 -6 2@-2 -1 3 0 3@-1 4@0 -1 48@0 
-24 -3 -2 2@-1 -11 4 1 6@0 1 -1 12@0 1 35@0 
-11 4 -1 0 -5 35 -5 2 1 3@0 -1 2 0 -1 11@0 -1 0 -1 34@0 
-15 21 -4 0 2@-4 -10 -5 -2 5@0 -1 1 -2 -1 10@0 -1 35@0 
16 -1 0 -1 0 2 0 1 56@0 
13 -1 4@0 1 57@0 
10 -1 1 3@0 1 57@0 
19 11 -6 0 2@-1 -7 -5 -3 -1 3@0 1 0 1 -1 11@0 -1 35@0 
36 1 -2 1 3@-1 6@0 1 50@0 
39 0 -1 2@0 1 2@0 1 55@0 
-21 2 0 1 -1 0 1 57@0 
-10 -27 2 0 1 8 3 57@0 
26 -1 3@0 -1 58@0 
-2 20 1 0 -1 8 -3 0 1 3@0 -1 51@0 
-3 3 0 -2 -3 -8 4 1 3@0 2 2@0 -2 2@1 -1 4@0 2@-1 40@0 
-16 4 2 2@0 -5 -1 1 0 -1 -2 1 3 1 4@0 -1 0 -1 0 -1 -2 -1 6@0 -1 0 -1 6@0 -1 23@0 
-14 -7 -4 -1 0 1 5 0 2 3 1 2 1 2 -3 0 2@1 -1 10@0 1 11@0 -1 11@0 1 10@0 
-32 5 2@0 -1 2@2 2@-1 2@0 2@1 -1 1 3@0 1 45@0 
-25 -7 -9 1 6 -4 2@-1 -2 1 0 3@1 3@0 2 -1 5@0 2@-1 5@0 1 32@0 
-16 18 5 -8 0 -8 -1 -6 -1 2 0 4 1 0 -3 -1 2 -3 1 2@-1 0 -1 1 -2 2 3@0 -1 0 -1 7@0 -1 24@0 
0 -29 -8 -4 -9 -7 0 6 7 1 -1 -3 -2 -3 -1 0 4 3 2@1 5@0 1 4@0 2@-1 9@0 -1 22@0 
-20 8 12 3 18 16 3 8 1 -1 0 -1 -2 -1 0 2@-1 -3 -2 5@0 2@-2 38@0 
5 -7 1 0 1 -2 -1 57@0 
18 -4 2 0 -1 59@0 
23 1 3 0 1 -1 58@0 
11 4 2 0 1 2 1 2@-1 55@0 
19 -20 3 0 -2 8 -1 6@0 1 2@0 -1 47@0 
20 12 -1 0 -2 6 4 -2 5@0 -1 1 49@0 
-12 25 5 0 2@-1 -3 -4 -1 3@0 3@1 0 1 47@0 
-26 3 2@1 -5 6 -4 3 5@0 -3 2 -1 1 10@0 1 36@0 
-4 13 -6 -1 6 23 -7 1 4@0 2@-1 0 3@1 11@0 1 34@0 
15 -1 2@0 -1 -2 7@0 1 50@0 
13 1 62@0 
11 2@1 61@0 
18 -17 -3 0 2 6 2 3 5@0 -1 50@0 
38 -2 -1 4@0 1 56@0 
41 2@-1 61@0 
11 39 2@0 -1 0 -9 8@0 2 12@0 -1 35@0 
-22 -2 -4 0 -2 -3 1 2 5@0 2 1 49@0 
17 6 -1 0 1 5 -5 1 5@0 2@-1 1 12@0 -1 35@0 
20 -7 3@0 7 5 7@0 2@-1 12@0 1 35@0 
-10 4 2 1 2@0 -3 2 3@0 2@1 0 1 3@0 2@1 2@0 1 41@0 
-15 2 4 0 1 -10 4 2@0 -2 1 -1 -2 -3 0 2@-1 2@1 -1 8@0 1 35@0 
-22 1 -1 0 1 3 1 2@4 1 2@0 -5 0 2 0 2 3 6@0 2@1 5@0 2@-1 31@0 
-11 2@-5 0 -8 8 0 1 2 -1 0 1 -3 0 -2 -1 0 2@1 -1 4@0 1 0 2@-1 1 -1 1 10@0 -1 22@0 
-28 -3 -4 3 0 8 -1 -10 4 2 0 1 2@-2 3 0 -2 -1 2 4@0 -1 7@0 1 32@0 
-20 -3 -9 7 -10 2 -2 5 4 0 2 1 2 4 -1 2@1 -3 2@-2 1 0 -1 1 2@2 -1 12@0 -1 2@0 1 21@0 
1 11 1 -7 6 21 -5 -1 -2 -3 -1 2@0 -9 1 2@0 3 2@-1 2@0 1 0 2@2 1 4@0 -1 8@0 -1 0 -1 21@0 
-30 -4 6 5 -4 -5 4 -6 -4 1 0 2@-2 5 0 -1 0 2 1 0 -1 2@0 1 2@0 -1 0 1 2@0 -1 10@0 1 21@0 
-6 8 -2 0 1 -2 -3 -1 5@0 2@-1 1 11@0 1 -1 35@0 
10 2 1 3@0 -2 57@0 
16 2@1 3@0 -1 57@0 
15 -3 -2 0 -1 2 3 1 5@0 1 0 -1 48@0 
8 2 -5 7 2@-2 1 -1 1 2 0 -1 2 1 -1 2@0 -1 2 0 -2 12@0 -1 30@0 
22 -2 0 2@4 12 1 5 -1 1 -1 2@0 -1 1 0 1 2 0 1 44@0 
-6 -16 8 0 2@6 11 3 0 1 2@0 -2 2@0 -2 2@-1 7@0 -1 2@0 1 35@0 
-25 3 -1 0 1 5 -1 1 56@0 
-16 23 1 0 3 -6 -7 3 -1 4@0 1 -4 -1 1 10@0 2@-1 35@0 
12 3 -2 0 1 3 -3 2 5@0 2@-1 1 12@0 -1 35@0 
13 -1 4@0 1 57@0 
11 -1 62@0 
10 -1 3@0 -7 -1 1 5@0 3@1 48@0 
39 2 -2 0 2@1 -2 -1 56@0 
41 0 -1 61@0 
43 0 -1 61@0 
-24 -1 3 0 1 0 1 57@0 
-2 -25 0 1 2@0 1 57@0 
26 -3 -1 61@0 
0 20 -2 1 3 9 -3 2@-2 3@0 1 51@0 
-10 12 1 0 -1 -13 2@0 2@-1 0 1 -3 1 2 3@-1 6@0 1 39@0 
-25 6 3 -1 4 2 2@0 -1 2@0 1 -3 7@-1 10@0 1 33@0 
-19 -2 -4 3 -2 -3 -2 3 -1 0 2@1 -1 2 -2 3@0 2@-1 3@0 1 40@0 
-13 2 4 0 2 -9 2@-1 2 3@-1 4 -1 -2 1 -1 -4 2@1 3@0 -1 2 1 3@0 -1 0 1 32@0 
3 -18 -20 -2 -6 -4 1 10 5 4 0 -1 1 -3 0 1 0 3 2@1 -1 0 1 9@0 -1 31@0 
-5 17 13 2 -3 2@0 8 2@-1 0 -2 3 2 2@0 -2 -7 -2 5@0 -2 2@-1 3@0 1 2 20@0 1 7@0 -1 3@0 
-31 0 2@-1 0 1 -2 0 -1 3@1 0 1 -1 0 4@1 5@0 1 38@0 
-22 -10 1 0 -3 7 3 5@0 -1 1 -2 49@0 
3 -8 2 0 2 -4 -1 1 6@0 -1 49@0 
12 -1 2@0 1 -1 2@0 -1 55@0 
10 2 8 -2 -3 2 0 -2 2 0 1 -1 1 -1 4@0 1 0 -1 2@0 -1 40@0 
10 0 8 -4 -1 1 0 2@1 0 2@1 8@0 -1 43@0 
21 0 17 -4 3@-1 1 0 -4 2 0 2@1 -1 0 -1 2@0 2@-1 43@0 
-4 23 10 0 -3 -10 0 2@-1 2@0 -1 2 5 1 0 3@-1 4@0 1 2@-1 38@0 
-28 -6 -1 2@0 5 -2 -1 6@0 1 49@0 
-24 5 -1 0 1 -2 1 7@0 -2 49@0 
7 -15 2@0 1 -15 -7 1 5@0 1 -3 2@-1 47@0 
15 1 62@0 
13 2 62@0 
8 3 1 0 2@-1 1 57@0 
29 -25 -1 0 1 -11 0 1 6@0 2@1 48@0 
43 0 -1 61@0 
42 3@1 4@0 -1 55@0 
5 48 2@1 -1 0 -12 8@0 3 12@0 -2 35@0 
-21 9 0 1 -3 2@-4 -1 1 6@0 1 12@0 -1 35@0 
19 7 1 0 -1 3 -5 7@0 -1 1 12@0 -1 35@0 
21 -7 3@0 6 5 2@0 -1 4@0 2@-1 12@0 1 35@0 
-9 7 4 0 1 2 -2 -6 -3 2@1 2@-2 2@1 -1 -2 1 7@0 -1 38@0 
-26 -9 1 -1 2 5 1 -1 2 2@0 -1 -3 2 3 -1 1 2 6@0 3@-1 15@0 1 21@0 
-15 15 2@-1 -6 -2 -6 -2 0 -1 0 1 0 2@-3 2@-1 0 1 -1 1 8@0 2@1 33@0 
-12 -2 -6 0 2 0 1 3 -2 2 1 -2 4 2@-1 1 0 2 -2 3@0 1 2@-1 39@0 
5 8 1 -2 0 -4 -8 7 3 -2 2@1 -1 2 3 2 12@0 2@-1 34@0 
-8 -14 12 0 5 -2 12 8 10 2 1 -1 -6 -2 0 -3 0 1 -4 -2 4@0 1 0 -1 0 2 0 2@-2 -1 31@0 
-32 2@-1 0 1 2@-1 7@0 -1 49@0 
-30 2 3@0 2 -1 1 6@0 -1 0 -1 47@0 
-21 2 5 0 1 -2 -4 -1 2@1 3@0 -1 0 1 -1 11@0 -1 35@0 
1 3 5 0 -1 0 -3 6@0 1 0 1 48@0 
11 1 2 2@0 1 -1 1 56@0 
9 0 -2 1 0 -1 2@0 1 -1 7@0 -1 46@0 
16 1 4 6 1 0 -2 2@0 -2 -1 1 0 -1 4@0 -1 5@0 -1 39@0 
-4 -15 11 0 2@6 11 5 3 1 0 -1 -3 -2 -1 -2 1 2@-1 5@0 2@-1 2@0 1 35@0 
-31 -1 2@0 1 2 -1 57@0 
-20 2@-1 2@0 8 -4 7@0 -1 1 11@0 -1 36@0 
-10 8 -2 2@0 -18 -13 -1 1 5@0 -2 1 11@0 1 36@0 
10 1 8 -3 0 -2 0 2 6@0 1 49@0 
11 0 4 -2 -1 4@0 1 3@0 1 50@0 
9 -2 1 3@0 1 57@0 
12 8 -2 0 -5 -17 -10 0 1 3@0 2@1 -1 2 1 11@0 -1 35@0 
44 -1 1 2@0 -1 1 57@0 
40 -3 5 -2 3@2 2@-1 2 -1 2@1 -2 0 -1 0 1 -1 45@0 
12 -7 38 -8 3 -2 6 3 5 -2 1 -4 2@-2 0 -1 0 -3 0 1 2@0 2@1 2 3@0 1 35@0 
-34 -1 1 0 -1 1 -1 57@0 
-1 -18 2 -1 3 1 6@0 1 2@0 -1 48@0 
26 -2 1 2@0 -1 58@0 
0 19 -4 3 5 10 2@-2 -4 -1 0 1 0 -1 2@0 2@2 2@1 2@0 2@-1 -2 -1 5@0 2@1 31@0 
-21 6 3 2 0 8 4 -1 2 1 2@0 -1 0 -3 0 1 -1 0 -1 5@0 -1 1 3@0 -1 33@0 
-32 2 1 0 -3 -2 0 -1 6@0 1 0 1 10@0 -1 36@0 
-11 5 2@2 -6 4 -4 6 -1 1 2@0 -5 2 -2 -1 0 1 -1 1 44@0 
-2 -7 -1 -4 2 5 2@0 -1 2@0 -1 1 2 1 0 -1 1 5@0 -1 5@0 1 12@0 1 21@0 
-17 16 -2 6 -1 -9 -3 -1 0 2 -1 3 -6 -4 2@1 -1 2@0 -2 1 0 1 0 -3 1 6@0 1 9@0 -1 21@0 
-31 -3 -1 0 1 -2 3 1 4@0 3@-1 49@0 
-32 4@0 2@-1 7@0 2@-1 48@0 
-31 -2 1 0 1 8@0 -1 50@0 
-26 -3 1 2 2@0 1 0 -3 1 0 -1 2 -1 2@0 1 -1 46@0 
-7 -11 6 7 0 -2 -1 0 2 -6 2 1 7@0 -1 44@0 
10 -5 3 2@1 3@0 1 -3 1 -1 1 6@0 1 44@0 
21 -2 2 2@0 -1 2@0 2@-1 2@0 1 5@0 -1 45@0 
3 25 1 4 1 -13 4 -1 -3 -4 3 0 -1 2@1 2@-1 1 0 2@-1 4@0 -1 38@0 
21 12 -26 -12 14 -1 1 2 0 -3 0 -5 4 1 4@0 3 -3 2@0 -1 9@0 1 -1 4@0 1 25@0 
-17 9 -16 8 -20 12 -1 -2 7 2@-1 1 -3 2 1 2@0 -3 4 -1 3@0 -1 1 39@0 
-22 1 4 2@0 -2 2@1 6@0 -1 49@0 
5 -5 -4 0 1 -9 -7 -2 1 4@0 -2 -4 -1 48@0 
2@3 -6 -1 4@0 -1 2@0 -1 52@0 
-4 2 -1 4 -3 3@0 -1 1 54@0 
-6 2 3 5 1 -7 1 3 1 7@0 -1 0 -1 45@0 
37 -9 0 2 0 -9 -5 0 1 -1 0 -1 2@0 -2 -1 2@0 -1 45@0 
24 23 19 -4 -15 -5 0 -1 1 0 2@1 4 2 3@0 2@-2 -1 4@0 1 39@0 
-20 6 -1 5 11 7 0 4 7 1 0 1 2 1 4@0 -1 4@0 2@-1 39@0 
-10 -8 -9 -4 6 -1 2 -3 2 -1 2@0 1 -1 0 -1 0 -1 46@0 
-23 -2 -8 3 7 -1 3 -1 5@0 -4 0 -1 10@0 1 15@0 -1 21@0 
12 11 3 1 -2 9 -9 -1 5@0 1 -1 2 12@0 -1 35@0 
21 -5 1 2@0 5 3 2@-1 -2 0 -1 -2 -1 0 -1 2@0 1 5@0 1 39@0 
-19 -13 2@1 8 1 8 2 2@3 1 -5 -7 2@1 -2 1 3 2@-2 1 6@0 -1 1 0 2@-1 11@0 1 20@0 
-27 1 -3 4 -4 8 -1 -2 2 -1 0 -1 -2 2 2@1 2@-2 2 2@1 -1 0 -1 1 -1 5@0 1 32@0 
-20 0 2@1 5 -9 0 -2 6 2@0 2@-1 -2 2 0 -1 -3 2 1 3@0 2@1 -1 38@0 
-13 2 6 -4 5 -2 0 -7 -1 0 -2 0 -3 6@-1 0 -1 2@0 -1 2@1 4@0 2@1 5@0 1 8@0 1 17@0 
-8 5 -5 1 -2 5 -1 2 0 2@1 -1 2@2 2@0 1 22@0 1 24@0 
-13 -10 0 -1 -7 -3 6 0 -5 -1 2@0 -2 6 0 -1 0 -4 -1 1 3@0 -1 1 3@0 1 0 1 -3 1 6@0 1 2@0 -1 0 -1 19@0 
-29 2@1 0 -2 -3 2 6@0 1 -3 -1 48@0 
-33 1 -1 0 -1 59@0 
-29 2 -1 1 -2 1 -2 6@0 1 50@0 
-11 13 1 2@0 4 -8 2@0 -1 2@0 -1 2@0 2 12@0 -1 35@0 
7 2 3@0 2@-1 4@0 -1 52@0 
12 0 2@1 3@0 1 56@0 
21 6 -1 0 1 -1 -4 2@-1 6@0 1 48@0 
29 2@2 3@0 -2 57@0 
39 2 1 3@0 -2 57@0 
6 -28 -18 -1 2 1 19 -15 11 -1 0 2@1 -2 2 -3 -1 0 1 5@0 -1 3@0 2 0 -1 2 -1 31@0 
-10 27 1 0 -2 -1 -6 -3 -1 4@0 1 0 1 -2 -1 10@0 -1 35@0 
11 -1 4@0 1 57@0 
7 -1 4@0 1 57@0 
3 0 -2 0 -1 -4 -1 1 0 -1 0 2@-1 2@1 49@0 
29 16 -9 1 7 2 -7 -2 2@-1 0 1 -1 -2 2@1 0 1 10@0 -1 35@0 
22 -20 9 1 7 10 13 4 2@1 2@0 2@-2 0 -2 -1 -2 10@0 2 35@0 
-12 3 -6 -1 0 3 -3 2@1 2@0 2@1 -1 0 1 48@0 
-9 -1 0 -1 -3 -1 0 -1 0 -1 0 3@1 50@0 
0 -23 7 0 12 -7 1 0 2 3@0 1 -1 3@0 1 46@0 
-8 -6 -2 -1 -4 28 1 -3 -1 4@0 1 -1 0 1 47@0 
26 -2 -1 2@0 2@-1 7@0 -1 49@0 
2 28 4 2 -2 -12 2 -3 -1 1 -1 2@0 -1 4@1 -1 1 -1 5@0 1 -1 0 -1 34@0 
-33 -3 1 0 2@-1 1 2 1 4@0 -1 3@0 -1 46@0 
-29 -5 -1 0 2 -4 4 2 1 3@0 -1 -3 2@-1 0 -1 6@0 -1 2@0 1 36@0 
-28 -6 2@2 0 5 1 -1 0 3@1 2 -1 2@1 -2 1 0 1 4@0 1 -2 1 37@0 
-21 -7 -2 1 -1 -2 1 2 -2 1 0 1 3@-1 2@0 1 -1 4@0 1 0 -1 13@0 1 24@0 
2@-2 0 -2 7 -8 2@1 3 0 1 0 -3 -2 -1 0 1 0 1 -1 5@0 1 -1 4@0 1 32@0 
-17 11 0 1 8 -20 3 11 2 -1 0 -1 1 -1 5 -2 -1 1 5@0 -1 0 2@1 0 1 0 1 0 -1 7@0 1 2@0 -2 1 19@0 
-31 3 3@0 -3 -2 1 6@0 3@-1 10@0 -1 36@0 
-30 0 1 2@0 2 -3 57@0 
-17 8 -4 -1 -3 -5 -9 1 4@0 2 -1 1 2@0 1 8@0 1 37@0 
5 -5 -2 0 1 -2 -1 2@1 9@0 -1 45@0 
11 -1 62@0 
16 -3 2@0 -1 59@0 
21 -3 1 61@0 
31 -5 1 3@0 -1 57@0 
41 -3 1 61@0 
5 42 -11 0 1 18 -14 9 -2 -1 2@0 -1 4 2 -1 -4 3 7@0 1 -1 2@0 1 -1 10@0 -1 22@0 
11 2@1 2@0 -1 0 1 5@0 1 50@0 
8 2 1 0 1 59@0 
3 2 0 3@1 0 -1 56@0 
38 -8 -4 -2 -4 -7 -4 -2 2@-1 0 -1 2@0 -1 49@0 
29 23 8 0 -4 -8 1 -3 -2 1 2@0 2@2 2@0 -1 47@0 
-7 -3 -2 0 -1 2 1 0 1 4@0 -1 50@0 
-9 0 1 0 2@2 1 2 1 55@0 
-25 15 3 2@0 5 -6 6@0 -1 2@1 12@0 -1 35@0 
5 -9 -1 0 -2 24 8 6@0 2 2@-2 12@0 1 35@0 
9 16 1 0 -1 15 -14 7@0 -1 3 12@0 -2 35@0 
22 -5 1 2@0 5 4 8@0 -1 48@0 
-28 -4 2@1 0 -10 5 2@-1 2@0 -1 -2 0 2 -2 0 1 10@0 1 35@0 
-32 2 -1 -2 0 -3 3@-2 2@0 1 2 0 1 2@0 2@2 1 4@0 1 14@0 -1 24@0 
-27 -2 2 1 0 -11 6 -2 4@0 1 2 0 -2 2@1 46@0 
-32 3 0 1 0 -3 -2 5@0 -1 0 2@1 2@-1 46@0 
-14 5 2 -1 -9 -5 -6 -3 4 2 0 2 -1 2 0 2 0 2@1 2@-1 5@0 1 0 -1 0 -1 33@0 
2@-4 3 -9 -6 -10 1 -1 -7 3 -1 2 -2 1 0 1 2 1 0 -2 4@0 -2 0 1 6@0 -1 1 4@0 -1 0 2@-1 21@0 
-21 1 -4 5 1 -8 4 -6 2 -4 2@0 -1 2 0 -1 1 -2 0 1 2 0 -2 0 -1 1 -1 2@0 -1 0 1 2@-1 4@0 1 5@0 -1 8@0 1 10@0 
-31 0 -1 0 1 -1 2@1 4@0 2@-1 50@0 
-8 12 -7 -1 3 5 -8 -2 2@-1 2@0 -1 0 2@1 12@0 -1 35@0 
-6 15 -1 2@0 -4 -8 -2 6@0 2 49@0 
11 1 3@0 1 58@0 
12 2@1 3@0 -1 57@0 
15 1 4@0 -1 57@0 
21 2 1 3@0 -2 57@0 
33 3 2 3@0 -2 8@0 1 48@0 
42 1 3@0 1 -1 57@0 
9 -8 0 -3 14 -11 7 1 0 -1 3@0 -8 3 -3 4 -1 1 7@0 -1 0 1 12@0 -1 0 1 20@0 
3 2 10 -5 -2 1 -2 2@0 1 3@0 2 50@0 
6 2@0 2@-2 2@0 3@1 3@0 1 3@0 -1 46@0 
14 5 4 3 8 -4 -3 1 3 3@0 -1 -3 0 1 2@-1 1 9@0 -1 35@0 
34 -8 4 0 4 13 6 2@-1 1 2@0 -1 -2 2@-1 12@0 1 35@0 
-8 -2 5 -1 -2 -1 2 0 2@1 2@0 2@1 0 -1 48@0 
-12 2 1 3@0 -1 2@-3 2@0 -1 0 1 4@0 1 45@0 
-15 -2 2 0 3@2 -2 -1 4@0 -1 3@0 1 46@0 
-17 -34 2 0 -1 12 2 -2 -1 4@0 1 -1 49@0 
-2 8 -2 0 -2 27 -4 2 1 3@0 2@1 -1 49@0 
26 -2 1 2@0 2@-1 57@0 
0 30 -2 -1 2 -5 2@-1 1 3@0 1 -1 2 0 1 10@0 -1 36@0 
-34 -2 1 3@-1 0 1 2 -1 0 2@1 4@0 2@-1 4@0 -1 40@0 
-31 -2 0 1 0 -1 0 -1 1 3@0 3@1 49@0 
-33 2 0 3@-1 0 -1 3@0 1 0 -1 1 49@0 
-24 -5 -3 2 3 0 2 -1 -3 -2 -1 2 0 -3 -1 0 1 -1 0 1 4@0 1 5@0 1 33@0 
-17 -1 13 -1 1 -3 -2 1 -4 -1 1 -2 2 -2 2 2@-1 0 -2 2 1 0 1 0 1 -1 1 11@0 1 25@0 
-23 14 -4 -6 -4 2 -4 1 -5 2@1 0 2@1 -1 1 2 1 -2 1 -1 2@0 -1 -2 6@0 -1 9@0 1 0 1 20@0 
-31 0 4 2 2@-1 0 -3 -1 2@1 0 -1 1 2@0 -1 0 -1 45@0 
-12 -19 -5 0 2@-2 0 2 1 3@0 1 51@0 
-6 3 2@0 7 15 -2 -3 -1 3@0 -1 -4 -1 2@0 1 7@0 2@1 37@0 
11 -2 -1 61@0 
12 1 -1 61@0 
11 3@0 -1 1 58@0 
15 -2 1 61@0 
22 -4 2 61@0 
35 -5 2 2@0 -1 58@0 
42 1 2@-1 3 -3 2 -3 2 3@0 -1 2 -1 0 -1 1 46@0 
-10 3 -8 -1 -3 4 3 -5 2 -1 2@0 2 -4 2 1 -2 47@0 
-20 6 -3 3 -3 2@0 1 -3 2 1 -1 52@0 
-1 -37 2 4 9 5 4 -3 7 2 2@1 -2 -3 -1 0 1 2@-1 5@0 1 39@0 
27 3 9 -5 -16 -13 4 3 4 1 -1 -2 2@1 0 1 2@0 -1 4@0 1 40@0 
-18 4 8 3 9 6 1 4 1 0 1 2@0 2@1 2@0 2@-1 45@0 
-14 2@1 -1 -4 -2 0 -1 1 2@0 1 3 1 3@0 1 46@0 
-13 1 0 1 -2 -5 0 2 1 3@0 2@1 50@0 
-25 -2 -7 -1 7 3 1 0 2 2@0 2@1 4@0 -1 46@0 
10 8 -4 0 -1 21 -6 3 -1 3@0 -1 0 -2 1 -1 1 10@0 -1 35@0 
7 17 -1 2@0 8 -13 2 5@0 -1 1 2 12@0 -1 35@0 
21 -5 1 0 1 11 6 -1 4@0 3@-1 -2 12@0 1 35@0 
-26 -8 2@0 -2 -10 7 1 -1 1 3@0 -1 0 -2 2@0 -1 9@0 1 35@0 
-33 2@1 5@0 1 2@0 1 2@0 1 49@0 
-31 1 3@0 3 -1 1 56@0 
-34 2 0 1 -1 3@0 1 0 1 7@0 -1 1 4@0 -1 39@0 
-15 7 6 -3 -4 5 -5 6 -9 -1 0 1 0 3 2@1 0 2 -2 3@0 -1 1 0 1 17@0 1 20@0 
-24 -13 -1 0 2 -1 4 1 2@2 0 2@-1 -2 2@-1 0 1 2 4@0 1 -1 3@0 1 2@0 1 32@0 
-36 2@0 1 0 -1 0 2@1 3@0 -1 1 50@0 
-13 11 -6 -1 2 3 -7 -3 -1 4@0 -2 0 1 0 1 -1 9@0 -1 35@0 
-11 -1 2@1 -13 -8 -1 1 2 0 1 3 7 6 1 0 1 0 -1 5@0 2@1 38@0 
10 1 2@-1 0 1 -1 1 56@0 
13 63@0 
14 63@0 
13 0 -1 61@0 
15 1 4@0 -1 57@0 
23 3 1 3@0 -2 57@0 
35 3 2 3@0 -2 57@0 
31 -8 -5 0 -5 18 11 3 -1 3@0 -1 4 -2 -3 2 8@0 1 2@0 1 -1 1 11@0 -1 21@0 
-11 3 2 0 -2 2 -2 6@0 1 50@0 
-8 1 -7 -1 3@0 2@-1 4@0 1 50@0 
3 -8 14 8 -4 9 3 8 3 2@0 2 1 2 -1 0 3@-1 5@0 -1 39@0 
-18 0 -6 0 1 -3 2@0 1 9@0 -1 45@0 
-18 -3 4 0 -1 2@2 2@3 -1 0 2@1 4@0 -1 46@0 
-10 2 -3 -1 4 6 3@-1 3@0 -1 -2 -1 2@0 1 46@0 
-26 -2 4 0 -1 -2 2 -1 3@0 -1 0 1 0 -1 48@0 
-13 -19 8 1 0 6 -5 -3 2@1 2@0 1 0 1 0 -1 47@0 
11 18 -5 2 -1 5 -7 3 1 -1 1 -1 2@0 1 49@0 
26 -6 3@0 -2 -1 57@0 
-9 33 4 -1 0 8 1 -4 -2 1 3@0 1 2@-1 0 2 6@0 -1 39@0 
-33 -2 2@0 1 -1 1 57@0 
-29 -3 -2 2@0 7 -3 0 -1 4@0 1 -1 15@0 1 33@0 
-24 2@-4 -1 7 -10 3 0 2@-1 2@0 2 0 3@1 -2 -1 10@0 1 11@0 -1 22@0 
-26 3@-1 2@0 -4 2@2 1 0 1 -2 5 -2 0 -1 0 1 5@0 -2 2 -1 37@0 
-18 2@2 -2 1 -12 0 -2 2@1 0 -1 4 -4 2 1 2@0 1 5@0 -1 6@0 -1 7@0 -1 1 23@0 
-36 -1 -2 0 2 2@0 3@-1 0 1 52@0 
-18 2@-9 7 0 -3 0 2@-1 3 0 -3 -1 6@0 2@-1 2@0 1 40@0 
-3 -8 -11 -4 -5 1 0 2 0 -1 0 2@2 1 3@0 1 2 1 2@0 3@1 39@0 
8 -2 2@0 -1 59@0 
11 -1 62@0 
